blood_pressure:
一、
future_systolic: [114.31684, 114.72672000000001, 113.13545000000002, 114.33286000000001, 115.07256, 114.49841, 118.38369, 119.2064, 113.67019999999998, 115.67594999999999, 117.78584000000001, 118.31602, 116.09968999999998, 115.34177999999999]
future_diastolic:[75.39736, 75.57594000000002, 74.56401000000001, 74.81687000000001, 75.93592, 77.6661, 77.83215, 74.82245, 76.11216999999999, 72.44971, 70.20432, 73.89842, 73.75552, 74.82925999999999]
二、
future_systolic: [118.69704, 113.512, 113.69062, 113.50228000000001, 114.50535000000002, 112.96912, 116.71259000000002, 114.60796000000002, 117.59169000000003, 122.68061000000002, 114.70811, 115.78645, 112.18808000000001, 115.10088]
future_diastolic:[74.67796, 76.29577, 72.23523, 71.40691000000001, 72.32032000000001, 73.98579, 78.12756999999999, 78.62284, 80.11346999999999, 73.35028, 74.90761, 74.62723999999999, 74.991, 78.00802]
三、
future_systolic: [119.14690000000002, 118.71926, 120.41531, 122.36634, 123.06147, 122.48918, 121.15941, 120.88462000000003, 110.98647000000001, 109.41848, 110.32681000000001, 109.3045, 110.71744999999999, 117.04514000000002]
future_diastolic:[74.06136000000001, 71.72444, 71.64009, 71.55480999999999, 71.39192, 71.85162999999999, 71.35883999999999, 70.5659, 75.52514000000001, 76.08447, 73.80537, 72.23931, 71.56301, 71.32545]
四、
future_systolic: [115.90529000000001, 117.44577999999998, 116.55091999999999, 114.68478999999998, 115.05357999999998, 112.12727, 115.95419999999999, 115.54289999999999, 118.61303999999998, 113.24206999999998, 117.86885999999997, 118.73268999999998, 116.99597999999997, 115.05772999999998]
future_diastolic:[73.55648, 72.72176999999999, 73.57329999999999, 72.55857999999999, 70.85394000000001, 70.21575000000001, 70.93649, 74.0599, 76.23044000000002, 77.24924, 78.19302, 78.86845000000001, 78.65653999999999, 76.91206]
五、
future_systolic: [116.15295, 116.21538, 113.33521, 108.60872, 115.37647999999999, 113.75057, 113.71292, 116.19169000000001, 116.98252000000001, 113.13320999999998, 114.71637999999999, 115.8882, 115.04701, 114.32434000000002]
future_diastolic:[72.72837999999999, 72.51739, 71.59987, 76.81698, 76.22995, 76.85995999999999, 76.47152000000001, 76.06700000000001, 74.7319, 79.41568000000001, 73.50376999999999, 74.44259, 72.13923000000001, 76.94000999999999]
六、
future_systolic: [113.62966000000002, 109.11283, 113.02696000000002, 114.88524, 114.36712, 110.29207999999998, 110.34521, 110.87639999999999, 112.44488, 115.51451, 116.19585000000001, 114.84289000000001, 118.81803, 118.49327000000001]
future_diastolic:[73.73005, 75.29906, 75.50903000000001, 75.16717, 75.61355, 75.78472000000001, 75.09799000000001, 75.80966000000001, 73.43265, 74.84172000000001, 76.33342, 76.07770000000001, 78.19311, 77.56861]
七、
future_systolic: [117.29313, 115.54978999999999, 114.38247000000001, 113.25173000000001, 112.53605999999999, 111.08845000000001, 113.85164, 112.62251, 110.39358999999999, 112.22680000000001, 110.99480999999997, 109.84012999999999, 112.41160999999998, 112.40055]
future_diastolic:[75.68625, 77.27853, 73.24811000000001, 72.51666, 73.79798000000001, 73.61536, 75.73631999999999, 73.44675, 72.73298, 73.64862000000001, 74.49692, 73.34856, 73.91281000000001, 73.95455000000001]
八、
future_systolic: [115.54763, 113.2462, 112.48992000000001, 110.48968, 110.29869000000001, 111.16546999999998, 112.53308000000001, 115.60803999999999, 114.66541000000001, 118.35528000000002, 120.62458000000001, 121.19794, 120.18024000000001, 120.20588000000001]
future_diastolic:[71.86943000000001, 71.14135999999999, 73.52926000000001, 75.24488000000001, 71.1695, 69.74691000000001, 72.93574000000001, 72.51492, 70.71718000000001, 71.50899, 73.76498000000001, 74.05745999999999, 70.89389, 73.94855]
九、
future_systolic: [115.62035, 115.19648000000001, 115.38349999999998, 116.4057, 110.04883000000002, 108.89287, 110.52098, 110.39831, 109.43583, 111.91253000000002, 108.03672, 107.76421, 108.97849000000001, 110.12288]
future_diastolic:[75.41575000000002, 74.98608, 75.42761, 76.013, 78.58799000000002, 74.52728, 74.23376, 71.15395999999998, 70.3964, 70.32553, 69.91350000000001, 69.57589, 72.05949, 72.67314]
十、
future_systolic: [118.20711000000001, 118.83473, 119.18322000000002, 118.2047, 116.47122, 115.77508999999998, 116.03472, 115.09083, 114.95594, 109.32913000000002, 102.19139, 108.81698, 117.13245, 112.28247999999998]
future_diastolic:[75.20159, 75.26141999999999, 75.18375999999999, 77.36428000000001, 74.95057, 75.87198, 75.59392999999999, 76.68589999999998, 73.70540999999999, 75.6686, 76.38129, 75.74492000000001, 76.47368, 75.62398]
十一、
future_systolic: [116.56439, 116.53332999999999, 115.63103999999998, 114.41685, 111.41417000000001, 118.25235, 115.17507, 116.00236000000002, 114.03129000000001, 111.34729999999999, 109.7251, 110.77646999999997, 113.77816999999999, 112.59033999999998]
future_diastolic:[72.78456, 71.83435999999999, 72.30727, 71.86062, 72.18256, 75.04249000000002, 77.10784, 75.66991000000002, 77.17381, 78.67380000000001, 77.45468, 78.82894, 77.46971, 78.49528000000001]
十二、
future_systolic: [111.16692, 109.91036, 111.94787, 112.58655, 111.19653, 112.74218, 113.01138000000002, 111.95341000000003, 113.44164, 117.43351000000001, 119.12863999999999, 116.79895, 118.14441, 118.84034]
future_diastolic:[74.23396999999999, 72.22672999999999, 72.23755, 72.17441999999998, 72.62535999999999, 74.23128, 74.73935, 76.29582, 75.57982999999999, 75.53938000000001, 74.05485, 74.54811000000001, 74.76792999999999, 74.15585]
十三、
future_systolic: [110.69648999999998, 112.32639999999999, 109.42205999999999, 107.41548999999999, 106.49119999999999, 104.55976, 108.53721, 110.67244, 109.54776, 115.38326000000002, 116.60025, 114.08229, 119.46690999999998, 114.19107000000001]
future_diastolic:[75.52223, 75.8349, 75.91148000000001, 74.67833, 73.21928, 73.08626, 72.15872, 71.61181, 73.49052000000002, 72.48988000000001, 75.02733, 75.99073, 76.11184, 74.76110000000001]
十四、
future_systolic: [117.65147999999998, 117.31088, 115.73451999999999, 112.93342, 110.7735, 111.57026000000002, 115.41613, 115.66853, 114.57922, 114.17905999999999, 107.78471, 110.26585, 113.84090000000002, 112.43069]
future_diastolic:[72.52025, 72.09500000000001, 72.30600000000001, 73.01289999999999, 71.54639999999999, 71.70940999999999, 70.0202, 71.51348999999999, 72.97543, 72.65556000000001, 76.18907, 76.88380000000001, 78.22229, 77.74409999999999]
十五、
future_systolic: [113.62966000000002, 109.11283, 113.02696000000002, 114.88524, 114.36712, 110.29207999999998, 110.34521, 110.87639999999999, 112.44488, 115.51451, 116.19585000000001, 114.84289000000001, 118.81803, 118.49327000000001]
future_diastolic:[73.73005, 75.29906, 75.50903000000001, 75.16717, 75.61355, 75.78472000000001, 75.09799000000001, 75.80966000000001, 73.43265, 74.84172000000001, 76.33342, 76.07770000000001, 78.19311, 77.56861]

blood_sugar:
一、
[5.177505422115325, 5.075604945361613, 4.694728571385144, 4.689158443689346, 4.595599228173493, 4.785947366833686, 4.883490907192229, 4.919844630092381, 4.90165660509467, 4.840646626919507, 4.84993450552225, 4.867156931906938, 4.847388251513242, 4.888255715221166]
二、
[5.262501161575318, 5.461671337127686, 5.091574324131012, 5.119093497276307, 5.302060029506683, 4.99487801361084, 5.076677770137787, 5.037399315834046, 4.96132930135727, 5.050447207450867, 4.9316208343505865, 4.974936986446381, 4.982977104187012, 4.9200166206359865]
三、
[5.067454094231128, 5.468708620011806, 5.154945347249508, 5.171725702822208, 5.033405417740345, 4.907165515959263, 4.942654234707355, 4.712845762610435, 4.925468235254288, 4.808605979919434, 4.8705927466750145, 4.882283172547817, 4.8075421532392495, 4.956886643707752]
四、
[4.5941477038860326, 4.515682572126389, 4.900313530743122, 5.095365447878838, 4.985567110598088, 4.725004120647907, 4.808443794548512, 4.657099759876728, 4.739828093111515, 4.702437787413597, 4.68795438426733, 4.601382109820843, 4.7071724336743355, 4.571455465137959]
五、
[4.360449816197157, 4.251618348971009, 4.938022190809249, 5.105992099821567, 4.617927363097667, 4.786843092143535, 4.87690756547451, 4.982359798192977, 4.818662474066018, 4.631873101502657, 4.866280329495668, 4.861988357186317, 4.780739436626434, 4.775863434433936]
六、
[5.296199306964874, 5.1001616897583, 4.624138731062412, 5.243926829636096, 4.929822803854941, 4.795729820102452, 4.987098438829183, 4.804474507421254, 4.8166445049345485, 4.892114687234162, 4.792889694690704, 4.837586489289999, 4.883936400026082, 4.819510174900293]
七、
[4.864527973592282, 4.600153423666955, 4.739003188610077, 4.6636506529450426, 4.811834600090981, 4.804405216902495, 4.912183243393899, 4.700353376984597, 4.586464684277773, 4.590552298903466, 4.6444754732847215, 4.715605822116137, 4.703327241450548, 4.712869887530804]
八、
[5.701360605239868, 4.480388988733291, 5.805947927951813, 5.412039183616638, 5.333213641405106, 4.956667041063309, 5.216614709377289, 4.861404518604279, 5.102188621044159, 4.560707456231118, 4.7369191981554035, 4.734574923992157, 4.641181313157082, 4.880063052535057]
九、
[4.975104332953691, 5.559539398312569, 5.65027539807558, 5.408778579890728, 4.784814880818129, 4.668417473405599, 5.092091203808784, 4.754632141828536, 4.990173368901014, 5.021424886107445, 4.998921267539263, 4.880041636615991, 5.046635615050793, 4.907099812120199]
十。
[4.965130279570817, 5.243044565737247, 5.577799379587173, 4.839080235213041, 4.603653752416371, 4.598359746843576, 5.028031481385231, 4.913530589073896, 4.852352173447608, 4.740816772341728, 4.562804383426904, 4.620094983130693, 4.857832953363657, 4.855839693397283]
十一、
[5.080957536816597, 5.156624659776687, 4.671758475840091, 4.911562252134085, 5.226693251490593, 4.974995082437992, 4.891717886358499, 5.0255334544181824, 5.131079767286778, 4.968701515823603, 4.91405285397172, 5.051763118982315, 5.066874257564545, 4.926673135727644]
十二、
[5.391571112394333, 5.428028768599033, 4.8956587895751, 4.986092037141323, 4.940918691337108, 4.843738511145115, 4.839649002850056, 4.965076928436756, 5.040768027842044, 4.841449079990387, 4.820158008992672, 4.870109009027481, 4.850896975636482, 4.795409196943044]
十三、
[5.295958885192872, 5.276722732543946, 4.982019577026367, 5.039823753356934, 5.274724578857422, 5.190265167236329, 5.219120758056641, 5.220506988525391, 5.133262794494629, 5.129208770751954, 5.112802925109864, 5.0478074188232425, 5.109998687744141, 5.0855884246826175]
十四、
[5.35449537986517, 4.995457161426545, 5.334339668691159, 4.391429652959109, 4.8945252979397775, 4.288856354176998, 4.3571725114882, 4.929043714731932, 4.882519093483687, 5.027694165170193, 4.738605971813202, 4.898472545027733, 4.88907602763176, 4.786232385545969]
十五、
[5.326875060796738, 4.977098403275013, 5.290032686889172, 5.384969369471073, 5.646244442760945, 4.882194996029139, 4.742632180750371, 5.210392760932446, 5.09337792545557, 4.9056051391363145, 4.896411118209363, 4.872663858830929, 5.163513217270375, 5.01205599963665]

temperature：
一、
[36.83446502685547, 36.83530044555664, 36.82709884643555, 36.816734313964844, 36.81328201293945, 36.81434631347656, 36.81673049926758, 36.818084716796875, 36.81822204589844, 36.81849670410156, 36.81871032714844, 36.818763732910156, 36.8187370300293, 36.818695068359375]
二、
[36.75606155395508, 36.753875732421875, 36.758094787597656, 36.751258850097656, 36.746395111083984, 36.749168395996094, 36.746009826660156, 36.743255615234375, 36.74294662475586, 36.74266052246094, 36.742332458496094, 36.74213409423828, 36.74201965332031, 36.741878509521484]
三、
[36.700748443603516, 36.704532623291016, 36.670928955078125, 36.67215347290039, 36.660865783691406, 36.608787536621094, 36.6375846862793, 36.67549133300781, 36.67203903198242, 36.66912841796875, 36.668819427490234, 36.66873550415039, 36.669532775878906, 36.67354965209961]
四、
[37.22993850708008, 37.17214584350586, 37.32327651977539, 37.36161804199219, 37.385719299316406, 37.30021667480469, 37.345924377441406, 37.19464111328125, 37.200443267822266, 37.2078857421875, 37.19770431518555, 37.18193435668945, 37.1624755859375, 37.150081634521484]
五、
[37.0677604675293, 36.984554290771484, 37.05165100097656, 37.13676071166992, 37.12946701049805, 37.091346740722656, 36.93135070800781, 36.976436614990234, 36.970726013183594, 36.970054626464844, 36.96196365356445, 36.945735931396484, 36.92974853515625, 36.916603088378906]
六、
[36.771240234375, 36.79207229614258, 36.85173416137695, 36.855010986328125, 36.846527099609375, 36.83439636230469, 36.833736419677734, 36.80314636230469, 36.807472229003906, 36.810340881347656, 36.80935287475586, 36.80763244628906, 36.80601119995117, 36.80482864379883]
七、
[36.70100784301758, 36.69662857055664, 36.73363494873047, 36.74565124511719, 36.74125289916992, 36.727989196777344, 36.72802734375, 36.731689453125, 36.73068618774414, 36.729427337646484, 36.729366302490234, 36.72977828979492, 36.73012161254883, 36.73006820678711]
八、
[36.62785720825195, 36.65224838256836, 36.64134216308594, 36.642215728759766, 36.66246795654297, 36.693519592285156, 36.722312927246094, 36.70249557495117, 36.706668853759766, 36.70985794067383, 36.713722229003906, 36.7175407409668, 36.72031021118164, 36.7215576171875]
九、
[36.57140350341797, 36.449588775634766, 36.469459533691406, 36.488861083984375, 36.46894836425781, 36.49436950683594, 36.519474029541016, 36.547935485839844, 36.54562759399414, 36.55118942260742, 36.55609893798828, 36.560264587402344, 36.56571960449219, 36.56983947753906]
十、
[36.70025634765625, 36.7032585144043, 36.71030807495117, 36.72516632080078, 36.72639846801758, 36.72092819213867, 36.71621322631836, 36.713687896728516, 36.713523864746094, 36.713443756103516, 36.71345520019531, 36.713565826416016, 36.71366882324219, 36.71372604370117]
十一、
[36.88449478149414, 36.91792297363281, 36.893646240234375, 36.929996490478516, 36.96085739135742, 36.95344161987305, 36.972957611083984, 36.902408599853516, 36.90663146972656, 36.90726089477539, 36.908870697021484, 36.907196044921875, 36.902950286865234, 36.89910125732422]
十二、
[36.63894271850586, 36.653812408447266, 36.64781951904297, 36.657752990722656, 36.671695709228516, 36.68726348876953, 36.684749603271484, 36.683135986328125, 36.684635162353516, 36.685691833496094, 36.68680191040039, 36.68759536743164, 36.688011169433594, 36.68806457519531]
十三、
[36.752689361572266, 36.75339126586914, 36.774803161621094, 36.7635498046875, 36.77981948852539, 36.72054672241211, 36.74110412597656, 36.768096923828125, 36.76806640625, 36.768280029296875, 36.76777267456055, 36.76795196533203, 36.76754379272461, 36.76978302001953]
十四、
[36.81195831298828, 36.83230209350586, 36.843017578125, 36.84565734863281, 36.82194137573242, 36.824764251708984, 36.80936813354492, 36.83599090576172, 36.83660888671875, 36.836429595947266, 36.83589172363281, 36.83535385131836, 36.83592987060547, 36.836421966552734]
十五、
[36.59092330932617, 36.60514831542969, 36.63859939575195, 36.614845275878906, 36.646575927734375, 36.66474151611328, 36.68364715576172, 36.65810012817383, 36.66358184814453, 36.6679801940918, 36.6701774597168, 36.67391586303711, 36.67558288574219, 36.67618179321289]